0 0.546875 0.61015625 0.0328125 0.1765625
0 0.51875 0.7328125 0.12109375 0.5015625
0 0.428125 0.6625 0.03984375 0.3890625
0 0.39375 0.696875 0.059375 0.3625
0 0.35234375 0.66484375 0.05625 0.37890625
0 0.28984375 0.6828125 0.040625 0.33203125
0 0.6828125 0.8140625 0.05546875 0.2640625
0 0.603125 0.696875 0.06484375 0.246875
0 0.6546875 0.60390625 0.05703125 0.15546875
0 0.703125 0.57265625 0.04765625 0.19296875
0 0.7375 0.696875 0.07734375 0.34453125
0 0.76875 0.53359375 0.06171875 0.175
0 0.97109375 0.584375 0.053125 0.2109375