0 0.95546875 0.41171875 0.08125 0.140625
0 0.871875 0.465625 0.094140625 0.231640625
0 0.7953125 0.4125 0.075390625 0.112109375
0 0.8875 0.34765625 0.040625 0.055078125
0 0.6859375 0.659375 0.19375 0.55625
0 0.54609375 0.47421875 0.126171875 0.220703125
0 0.6265625 0.3828125 0.065625 0.105859375
0 0.4609375 0.41484375 0.040625 0.08125
0 0.4859375 0.34765625 0.040234375 0.063671875
0 0.52265625 0.365625 0.046875 0.06953125
0 0.25625 0.46015625 0.11953125 0.198828125
0 0.1171875 0.60546875 0.13125 0.490625