0 0.7921875 0.51171875 0.122265625 0.554296875
0 0.7828125 0.5859375 0.127734375 0.722265625
0 0.8796875 0.56484375 0.115234375 0.69375
0 0.65546875 0.53984375 0.140625 0.616796875
0 0.5609375 0.54609375 0.09140625 0.717578125
0 0.4203125 0.46953125 0.091015625 0.5515625
0 0.31171875 0.52265625 0.0984375 0.654296875
0 0.1515625 0.41015625 0.083984375 0.439453125
0 0.2171875 0.278125 0.065625 0.265234375
0 0.49921875 0.29140625 0.065625 0.154296875
0 0.7375 0.42265625 0.056640625 0.4546875
0 0.9328125 0.44375 0.059765625 0.444140625