0 0.7921875 0.51171875 0.12265625 0.55390625
0 0.7828125 0.5859375 0.12734375 0.72265625
0 0.8796875 0.56484375 0.11484375 0.69375
0 0.65546875 0.53984375 0.140625 0.61640625
0 0.5609375 0.54609375 0.0921875 0.71796875
0 0.4203125 0.46953125 0.09140625 0.5515625
0 0.31171875 0.52265625 0.0984375 0.65390625
0 0.1515625 0.41015625 0.08359375 0.43984375
0 0.2171875 0.278125 0.065625 0.26484375
0 0.49921875 0.29140625 0.065625 0.15390625
0 0.7375 0.42265625 0.05703125 0.4546875
0 0.9328125 0.44375 0.06015625 0.44453125