0 0.06953125 0.42421875 0.13515625 0.56171875
0 0.1359375 0.25546875 0.07734375 0.20625
0 0.34140625 0.49609375 0.22734375 0.91015625
0 0.5890625 0.54140625 0.2828125 0.878125
0 0.2609375 0.14921875 0.0875 0.103125
0 0.7296875 0.29609375 0.11015625 0.2515625
0 0.8734375 0.45234375 0.140625 0.56328125
0 0.7828125 0.16171875 0.0421875 0.1046875
0 0.76796875 0.0984375 0.028125 0.06015625
0 0.84296875 0.134375 0.02734375 0.078125
0 0.8359375 0.1109375 0.0015625 0.025
0 0.84296875 0.0828125 0.03125 0.02734375
0 0.8875 0.13359375 0.03515625 0.06953125
0 0.9203125 0.14453125 0.02734375 0.084375
0 0.94296875 0.20234375 0.03125 0.09765625